$N
, , stage = begin

     year
patch     1 2         3        4         5          6         7         8
    1 1e+06 0  2509.952 120.0561  4.652099  0.1640935  3.020476  7.859881
    2 1e+06 0 17903.240 483.8147 13.305221 18.6597820 25.215163 34.493255
     year
patch        9       10
    1 15.78474 28.47082
    2 47.74434 66.82153

, , stage = after_growth

     year
patch 1          2         3       4         5          6        7        8
    1 0   29544.54  3761.779 180.077  6.978137  0.2461402  4.53071 11.78979
    2 0 1000000.00 26694.597 725.605 19.957743 27.9894990 37.82243 51.73929
     year
patch        9        10
    1 23.67699  42.70583
    2 71.61537 100.23006

, , stage = after_colonization

     year
patch 1        2         3        4         5         6         7        8
    1 0 126590.1  6055.061 234.6298  8.276098  3.020476  7.859881 15.78474
    2 0 902954.5 24401.316 671.0522 18.659782 25.215163 34.493255 47.74434
     year
patch        9       10
    1 28.47082 48.45825
    2 66.82153 94.47764

, , stage = end

     year
patch 1         2        3         4          5         6         7        8
    1 0  2509.952 120.0561  4.652099  0.1640935  3.020476  7.859881 15.78474
    2 0 17903.240 483.8147 13.305221 18.6597820 25.215163 34.493255 47.74434
     year
patch        9       10
    1 28.47082 48.45825
    2 66.82153 94.47764


$I1
     year
patch 1 2 3 4 5 6 7 8 9 10
    1 1 1 1 1 1 0 0 0 0  0
    2 0 1 1 1 0 0 0 0 0  0

$I2
     year
patch 1 2 3 4 5 6 7 8 9 10
    1 0 0 0 0 0 0 0 0 0  0
    2 0 0 0 0 0 0 0 0 0  0

$S1
     year
patch        1        2         3        4        5 6 7 8 9 10
    1 980172.6 124080.1  5935.004 229.9777 8.112004 0 0 0 0  0
    2      0.0 885051.2 23917.501 657.7470 0.000000 0 0 0 0  0

$S2
     year
patch 1 2 3 4 5 6 7 8 9 10
    1 0 0 0 0 0 0 0 0 0  0
    2 0 0 0 0 0 0 0 0 0  0

$total_inf1
 [1] 9.801726e+05 1.009131e+06 2.985251e+04 8.877246e+02 8.112004e+00
 [6] 0.000000e+00 0.000000e+00 0.000000e+00 0.000000e+00 0.000000e+00

$total_inf2
 [1] 0 0 0 0 0 0 0 0 0 0

